((("write" .
   [0 0 0 0 1])
  ("foutput" .
   [1 0 0 0 0 0 0])
  ("tm_base" .
   [1 0 0 0 0 0 0])
  ("cur_tm" .
   [1 0 0 0 0 0])
  ("tm" .
   [1 0])
  ("base" .
   [3 0 0 0])
  ("OVSBridge" .
   [0 0 0 0 2 0 0 0 0])
  ("deg" .
   [1 0 0])
  ("degs" .
   [1 0 0 0])
  ("ass" .
   [4 0 0])
  ("total" .
   [3 0 0 0 0])
  ("degrees" .
   [2 0 0 0 0 0 0])
  ("item" .
   [5 0 0 0])
  ("words" .
   [4 0 0 0 0])
  ("idx" .
   [1 0 0])
  ("table" .
   [2 0 0 0 0])
  ("OVSSwitch" .
   [0 0 0 1 0 0 0 0 1])
  ("outputfile" .
   [1 0 0 0 0 0 1 0 0 0])
  ("argv" .
   [4 0 0 0])
  ("matrix" .
   [4 0 0 0 0 0])
  ("side_path" .
   [0 0 0 0 3 0 0 0 3])
  ("replace" .
   [1 0 0 0 0 0 0])
  ("node" .
   [1 0 0 0])
  ("hosts" .
   [2 0 0 0 0])
  ("count" .
   [3 0 0 0 0])
  ("inject_points" .
   [2 0 0 0 0 0 0 0 0 0 0 0 0])
  ("IP" .
   [1 0])
  ("sw_name" .
   [6 0 0 0 0 0 0])
  ("n" .
   [1])
  ("outport" .
   [5 0 0 0 0 0 0])
  ("name" .
   [9 0 0 0])
  ("inject_point" .
   [4 0 0 0 0 0 0 0 0 0 0 0])
  ("inject_percent" .
   [0 0 0 0 0 0 0 0 0 0 1 0 0 0])
  ("e" .
   [1])
  ("dpid" .
   [1 0 0 0])
  ("dpid2sw" .
   [3 0 0 0 0 0 0])
  ("switches" .
   [1 0 0 0 0 0 0 0])
  ("opts" .
   [2 0 0 0])
  ("sys" .
   [0 0 1])
  ("datetime" .
   [0 0 1 0 0 1 0 0])
  ("net" .
   [7 1 1])
  ("CLI" .
   [2 0 0])
  ("nxt" .
   [1 0 0])
  ("format" .
   [6 0 0 0 0 0])
  ("info" .
   [1 0 0 0])
  ("add" .
   [0 0 1])
  ("sw" .
   [11 0])
  ("num" .
   [1 0 0])
  ("malicious_rule" .
   [0 0 0 0 0 0 0 0 0 0 1 0 0 1])
  ("candidates" .
   [0 0 0 0 0 0 0 0 0 1])
  ("paths" .
   [1 0 0 0 0])
  ("sel" .
   [11 0 0])
  ("auto-complete-c-headers" .
   [0 0 0 0 0 0 0 0 1 0 0 0 0 0 0 0 0 0 0 0 0 0 0])
  ("append" .
   [3 0 0 1 0 0])
  ("ac-sources" .
   [0 0 0 0 0 0 0 0 0 1])
  ("c-mode-common-hook" .
   [0 0 0 0 0 0 0 0 0 0 0 0 0 0 0 0 0 1])
  ("label" .
   [0 0 0 0 1])
  ("menu-bar-mode" .
   [0 0 0 0 1 0 0 0 0 0 0 0 0])
  ("tool-bar-mode" .
   [0 0 0 0 1 0 0 0 0 0 0 0 0])
  ("green" .
   [2 0 0 0 0])
  ("decision" .
   [1 0 0 0 0 0 0 0])
  ("sqrt" .
   [2 0 0 0])
  ("c2" .
   [4 0])
  ("r2" .
   [15 0])
  ("c1" .
   [4 0])
  ("r1" .
   [19 0])
  ("iostream" .
   [2 0 0 0 0 0 0 0])
  ("p" .
   [4])
  ("input" .
   [1 0 0 0 0])
  ("(const char *__s)" .
   [0 0 0 0 0 0 0 0 0 0 0 0 0 0 0 0 1])
  ("open" .
   [1 0 0 0])
  ("0d" .
   [1 1])
  ("dst" .
   [12 0 0])
  ("src" .
   [4 0 1])
  ("get_distance" .
   [2 0 0 0 0 0 0 0 0 1 0 0])
  ("(size_type __n)" .
   [0 0 0 0 0 0 0 0 0 0 0 0 0 0 1])
  ("at" .
   [21 0])
  ("size" .
   [4 0 3 0])
  ("d" .
   [18])
  ("a" .
   [2])
  ("private" .
   [3 0 0 0 0 0 0])
  ("ifstream" .
   [1 0 0 0 0 0 0 0])
  ("i" .
   [61])
  ("this" .
   [15 0 0 1])
  ("get_point" .
   [0 0 0 1 0 0 0 0 1])
  ("typename" .
   [0 0 0 1 0 0 1 0])
  ("template" .
   [2 0 0 0 0 2 0 0])
  ("T" .
   [4])
  ("NULL" .
   [5 0 0 0])
  ("Dataset" .
   [1 0 3 0 3 0 4])
  ("DATASET_H" .
   [0 0 0 0 1 0 0 0 0])
  ("unicode" .
   [0 0 0 0 0 1 0])
  ("yes-or-no-p-history" .
   [0 0 0 1 0 0 0 0 0 0 0 0 0 0 0 0 0 0 0])
  ("printf" .
   [0 0 0 0 0 1])
  ("main" .
   [3 0 0 0])
  ("customize" .
   [0 0 0 0 0 0 1 0 0])
  ("setq" .
   [2 0 0 0])
  ("-f" .
   [1 0])
  ("aux_directory" .
   [0 0 0 2 0 0 0 0 0 0 0 0 0])
  ("2" .
   [12])
  ("1" .
   [13])
  ("extract_parameter" .
   [0 0 1 0 0 1 0 1 0 0 0 0 0 0 0 0 0])
  ("-z" .
   [2 0])
  ("elif" .
   [1 0 0 0])
  ("head" .
   [1 0 0 0])
  ("cat" .
   [1 0 0])
  ("test" .
   [9 0 0 0])
  ("bib" .
   [12 0 0])
  ("run" .
   [10 0 0])
  ("tex" .
   [18 0 0])
  ("find" .
   [1 0 0 0])
  ("5" .
   [1])
  ("get_Counter" .
   [0 0 0 0 1 0 0 0 0 0 0])
  ("get_memo" .
   [0 0 0 0 3 0 0 0])
  ("get_id" .
   [1 0 0 0 0 0])
  ("cerr" .
   [1 0 0 0])
  ("myClass" .
   [0 1 3 1 0 0 0])
  ("os" .
   [1 0])
  ("const" .
   [9 0 0 0 1])
  ("friend" .
   [0 0 0 1 0 0])
  ("ostream" .
   [1 0 0 2 0 0 0])
  ("operator" .
   [0 0 0 1 1 0 0 0])
  ("mine" .
   [1 0 0 0])
  ("str" .
   [1 0 0])
  ("return" .
   [19 0 1 0 0 0])
  ("random" .
   [1 0 0 0 0 0])
  ("chs" .
   [2 0 0])
  ("(char __c)" .
   [0 0 0 0 0 0 0 0 0 1])
  ("len" .
   [2 1 0])
  ("random_string" .
   [0 1 0 0 0 0 0 0 0 0 0 0 0])
  ("random_data" .
   [2 0 1 1 0 0 1 0 0 0 2])
  ("id" .
   [9 0])
  ("counter" .
   [3 0 1 0 0 0 2])
  ("MyClass" .
   [5 1 6 0 0 0 3])
  ("memo" .
   [0 0 3 3])
  ("string" .
   [8 0 0 0 0 0])
  ("public" .
   [3 0 0 0 0 0])
  ("static" .
   [4 0 0 0 0 0])
  ("class" .
   [4 0 1 1 0])
  ("struct" .
   [0 0 0 1 0 0])
  ("char" .
   [6 0 0 0])
  ("nil" .
   [2 0 0])
  ("*.log" .
   [3 0 0 0 0])
  ("*.aux" .
   [2 0 0 0 0])
  ("rm" .
   [2 0])
  ("*.pdf" .
   [1 0 0 0 0])
  ("mv" .
   [1 0])
  ("done" .
   [4 0 0 0])
  ("i.tex" .
   [1 0 0 0 0])
  ("then" .
   [6 0 0 0])
  ("ctex" .
   [1 0 0 0])
  ("-q" .
   [1 0])
  ("grep" .
   [2 0 0 0])
  ("cd" .
   [3 0])
  ("do" .
   [4 0])
  ("in" .
   [5 1])
  ("summary/src/" .
   [0 0 0 0 0 0 0 0 0 0 0 1])
  ("text-mode" .
   [0 0 0 1 0 0 0 0 0])
  ("timer" .
   [3 0 0 0 0])
  ("consume" .
   [2 0 0 1 3 0 0])
  ("double" .
   [32 0 0 3 1 1])
  ("clock" .
   [2 0 0 2 0])
  ("0" .
   [31])
  ("begin_time" .
   [0 0 0 0 0 0 2 0 0 0])
  ("clock_t" .
   [0 0 0 0 1 1 0])
  ("time" .
   [0 0 0 2])
  ("100" .
   [1 1 0])
  ("pnum" .
   [1 0 2 0])
  ("C-x" .
   [1 0 0])
  ("sum" .
   [2 0 0])
  ("for" .
   [27 1 3])
  ("int" .
   [56 1 3])
  ("include" .
   [7 0 1 0 0 2 1])
  ("ad3" .
   [1 0 0])
  ("vtdouble" .
   [2 0 0 1 0 0 0 0])
  ("vector" .
   [18 1 7 2 0 4])
  ("10" .
   [3 0])
  ("push_back" .
   [1 1 1 0 2 0 0 0 4])
  ("(const value_type &__x)" .
   [0 0 0 0 0 0 0 0 0 0 0 0 0 0 0 0 0 0 0 0 0 0 2])
  ("cout" .
   [12 0 1 3])
  ("copy" .
   [1 0 0 0])
  ("beginend" .
   [0 1 1 1 0 0 0 0])
  ("vi" .
   [2 0])
  ("ostream_iterator" .
   [0 0 0 0 0 0 0 0 0 0 0 0 0 0 0 1])
  ("end" .
   [2 0 2])
  ("data" .
   [20 0 0 3])
  ("()" .
   [0 1])
  ("i1" .
   [7 0])
  ("i2" .
   [6 0])
  ("i3" .
   [7 0])
  ("i4" .
   [5 0])
  ("if" .
   [30 0])
  ("else" .
   [10 1 2 0])
  ("endl" .
   [11 0 1 0])
  ("ifdef" .
   [1 0 0 0 0])
  ("linux" .
   [2 0 0 0 0])
  ("endif" .
   [1 0 0 0 0])
  ("xelatex" .
   [0 1 4 0 0 0 0])
  ("file" .
   [11 1 5 0])
  ("pdflatex" .
   [1 0 0 3 1 0 0 0])
  ("t" .
   [9])
  ("while" .
   [3 0 0 0 1])
  ("read" .
   [2 0 0 0])
  (".*" .
   [1 0])
  ("fi" .
   [1 1])
  ("function" .
   [1 0 0 0 0 0 0 0])
  ("compile_pdf" .
   [0 0 0 1 0 0 0 0 0 0 0])
  ("find_bib" .
   [2 0 0 0 0 0 0 0])
  ("line" .
   [19 0 0 0])
  ("|" .
   [5])
  ("&&" .
   [7 0])
  ("true" .
   [2 0 0 0])
  ("echo" .
   [51 1 0 0])
  ("sed" .
   [2 0 0])
  ("-e" .
   [2 0])
  ("tex_suffix" .
   [0 0 0 0 0 1 0 0 0 0])
  ("suffix" .
   [3 0 0 0 0 0])
  ("*.toc" .
   [1 0 0 0 0])
  ("*.nav" .
   [1 0 0 0 0])
  ("*.snm" .
   [1 0 0 0 0])
  ("*.out" .
   [1 0 0 0 0])
  ("directory" .
   [0 0 0 0 0 1 0 0 0])
  ("ls" .
   [1 0])
  ("*.tex" .
   [1 0 0 0 0])
  ("*.dvi" .
   [1 0 0 0 0])
  ("normal" .
   [1 0 0 0 0 0])
  ("120" .
   [1 0 0])
  ("toggle-" .
   [0 0 0 0 0 0 1])
  ("inc" .
   [1 0 0])
  ("float" .
   [0 0 0 1 0])
  ("using" .
   [1 0 0 0 0])
  ("std" .
   [14 0 0])
  ("bool" .
   [7 0 0 0])
  ("comparator" .
   [1 0 0 0 0 0 0 0 0 0])
  ("Comparator" .
   [0 0 0 4 0 0 0 0 0 1])
  ("doubl" .
   [1 0 0 0 0])
  ("virtual" .
   [5 0 0 1 0 0 0])
  ("left" .
   [12 0 0 0])
  ("right" .
   [11 0 0 0 0])
  ("compare" .
   [2 0 0 0 0 0 0])
  ("(std::vector<double> left, std::vector<double> right)" .
   [0 0 0 0 0 0 0 0 0 0 0 0 0 0 0 0 0 0 0 0 0 0 0 0 0 0 0 0 0 0 0 0 0 0 0 0 0 0 0 0 0 0 0 0 0 0 0 0 0 0 0 0 1])
  ("tmp" .
   [10 0 0])
  ("j" .
   [18])
  ("reserve" .
   [0 0 0 1 0 1 0])
  ("dim" .
   [9 0 0])
  ("internal" .
   [1 0 0 0 0 0 0 0])
  ("(std::ios_base &__base)" .
   [0 0 0 0 0 0 0 0 0 0 0 0 0 0 0 0 0 0 0 0 0 0 1])
  ("dist" .
   [10 0 0 0])
  ("error" .
   [3 0 1 0 0])
  ("false" .
   [2 0 0 0 0])
  ("c" .
   [7])
  ("long" .
   [1 0 0 0])
  ("cur" .
   [4 0 0])
  ("vd" .
   [2 0])
  ("v" .
   [4])
  ("row" .
   [7 0 0])
  ("col" .
   [7 0 0])
  ("length" .
   [5 0 0 0 0 1])
  ("h" .
   [1])
  ("iterator" .
   [0 0 3 0 0 0 0 0])
  ("begin" .
   [0 0 2 0 0])
  ("distance" .
   [5 0 0 0 0 0 0 1])
  ("just" .
   [0 1 0 0])
  ("get_dist_rank" .
   [0 0 0 0 0 0 0 0 0 1 0 0 0])
  ("(int top)" .
   [0 0 0 0 0 0 0 0 1])
  ("reverse" .
   [1 0 0 0 0 0 0])
  ("top" .
   [3 0 0])
  ("sort" .
   [1 0 1 0])
  ("Datum" .
   [8 1 1 1 2])
  ("point" .
   [5 1 1 0 1])
  ("(Datum dst)" .
   [0 0 0 0 0 0 0 0 0 0 1])
  ("it" .
   [2 0])
  ("ts" .
   [1 0])
  ("linum-mode" .
   [0 0 0 0 1 0 0 0 0 0])
  ("documentclass" .
   [0 0 0 0 0 0 0 0 0 0 0 0 1])
  ("ctexart" .
   [0 0 0 0 0 0 1])
  ("mathc" .
   [0 0 0 0 1])
  ("mathcal" .
   [1 0 0 0 0 0 1])
  ("require" .
   [1 0 0 0 0 0 0])
  ("auto-complete" .
   [0 0 0 0 0 0 0 0 0 0 0 0 1])
  ("addr_to_long" .
   [0 0 0 0 0 0 0 0 0 0 0 2])
  ("help_string" .
   [0 0 0 0 0 0 0 0 0 0 1])
  ("ETHER_IP_OFFSET" .
   [0 0 0 0 0 0 1 0 0 0 0 0 0 0 0])
  ("ETHER_TYPE_OFFSET" .
   [0 0 0 0 0 2 0 0 0 0 0 0 0 0 0 0 0])
  ("ether" .
   [0 0 0 0 1])
  ("output" .
   [0 0 0 1 0 0])
  ("outputdir" .
   [0 0 0 0 1 0 0 0 0])
  ("UserSwitch" .
   [0 0 0 0 1 0 0 0 0 0])
  ("dumps" .
   [1 0 0 0 0])
  ("srcMac" .
   [1 0 0 0 0 0])
  ("dstMac" .
   [1 0 0 0 0 0])
  ("src_mac" .
   [1 0 0 0 0 0 0])
  ("dst_mac" .
   [1 0 0 0 0 0 0])
  ("path" .
   [2 0 0 0])
  ("stri" .
   [1 0 0 0])
  ("hstart" .
   [6 0 0 0 0 1])
  ("r" .
   [1])
  ("hend" .
   [7 0 0 0])
  ("straight" .
   [1 0 0 0 0 1 0 5])
  ("isinstance" .
   [0 0 0 0 0 0 0 0 0 2])
  ("sws" .
   [5 0 0])
  ("addSwitch" .
   [2 0 0 1 3 0 1 0 0])
  ("addLink" .
   [8 0 0 0 5 0 3])
  ("extra_sw" .
   [1 0 0 0 0 0 0 1])
  ("HijackTest" .
   [1 0 0 0 0 0 0 0 0 0])
  ("TestCase" .
   [0 0 0 0 1 0 0 0])
  ("__init__" .
   [1 0 0 0 0 1 1 0])
  ("route_file" .
   [0 0 0 0 0 0 0 0 0 1])
  ("link" .
   [1 0 0 0])
  ("rf" .
   [1 0])
  ("readlines" .
   [0 1 1 0 0 1 0 0 3])
  ("split" .
   [9 0 0 0 0])
  ("prefix_regexp" .
   [1 0 0 0 0 1 1 1 0 0 0 0 0])
  ("prefixes" .
   [2 0 0 1 0 0 0 1])
  ("match" .
   [1 0 0 0 0])
  ("prefix" .
   [3 0 0 0 0 0])
  ("val" .
   [17 0 0])
  ("ipp" .
   [2 0 0])
  ("mask" .
   [4 0 0 0])
  ("collections" .
   [0 0 0 0 0 0 0 0 0 1 0])
  ("defaultdict" .
   [0 0 0 0 1 0 0 0 0 0 0])
  ("items" .
   [3 0 0 0 1])
  ("duplicates" .
   [0 0 0 0 0 1 0 0 0 1])
  ("key" .
   [9 0 0])
  ("nxthop" .
   [3 0 0 0 1 1])
  ("compile" .
   [1 0 0 0 0 0 0])
  ("search" .
   [1 0 0 0 0 0])
  ("nxthop_regexp" .
   [0 0 0 1 0 0 0 0 0 0 0 0 0])
  ("HTMLParser" .
   [0 3 1 0 2 0 0 1 0 0])
  ("handle_starttag" .
   [0 0 0 0 0 1 0 0 0 0 0 0 0 0 0])
  ("tag" .
   [4 0 0])
  ("attrs" .
   [6 0 0 0 1])
  ("handle_endtag" .
   [0 0 0 0 0 0 0 0 0 0 1 0 0])
  ("handle_data" .
   [0 0 0 0 0 0 0 0 1 0 0])
  ("conf" .
   [1 0 0 0])
  ("content" .
   [2 0 0 0 0 0 0])
  ("DLACMParser" .
   [0 0 2 0 0 0 0 0 0 0 0])
  ("feed" .
   [0 0 1 0])
  ("join" .
   [1 0 0 0])
  ("attrmap" .
   [3 0 0 0 0 1 1])
  ("__name__" .
   [0 0 0 0 0 0 1 0])
  ("filename" .
   [1 0 0 0 0 0 0 0])
  ("reader" .
   [1 0 0 0 0 0])
  ("scores" .
   [2 0 0 0 0 0])
  ("stuno" .
   [1 0 0 0 0])
  ("score" .
   [1 0 0 0 0])
  ("parse_file" .
   [0 0 0 0 0 0 0 0 0 2])
  ("verify_map" .
   [2 0 0 0 0 0 0 0 0 0])
  ("submited" .
   [4 0 0 0 0 0 0 1])
  ("submited_map" .
   [2 0 0 0 0 0 0 0 0 0 0 0])
  ("htmlsrc" .
   [2 0 0 0 0 0 0])
  ("names" .
   [1 0 0 0 0])
  ("chap_pages" .
   [1 0 0 0 0 2 0 0 0 0])
  ("True" .
   [0 0 1 0])
  ("cls" .
   [1 0 0])
  ("inband" .
   [0 0 0 1 0 0])
  ("s1" .
   [4 0])
  ("s2" .
   [7 0])
  ("mininet" .
   [1 0 0 0 0 0 0])
  ("Topo" .
   [2 0 0 0])
  ("set" .
   [0 0 1])
  ("S" .
   [2])
  ("addHost" .
   [0 0 1 4 1 0 0])
  ("s3" .
   [3 0])
  ("s4" .
   [4 0])
  ("E" .
   [1])
  ("h1" .
   [1 0])
  ("h2" .
   [1 0])
  ("h3" .
   [1 0])
  ("MyTopo" .
   [1 0 0 0 0 0])))
